1915 1 102
1915 2 190
1915 3 97
1915 4 214
1915 5 410
1915 6 165
1915 7 185
1915 8 6
1915 9 91
1915 10 109
1915 11 416
1915 12 389
1916 1 289
1916 2 202
1916 3 400
1916 4 181
1916 5 172
1916 6 321
1916 7 106
1916 8 80
1916 9 110
1916 10 37
1916 11 330
1916 12 202
1917 1 202
1917 2 190
1917 3 217
1917 4 260
1917 5 199
1917 6 149
1917 7 2
1917 8 5
1917 9 45
1917 10 25
1917 11 128
1917 12 577
1918 1 235
1918 2 312
1918 3 198
1918 4 41
1918 5 133
1918 6 66
1918 7 84
1918 8 123
1918 9 96
1918 10 289
1918 11 242
1918 12 162
1919 1 398
1919 2 355
1919 3 274
1919 4 172
1919 5 174
1919 6 55
1919 7 4
1919 8 84
1919 9 72
1919 10 68
1919 11 284
1919 12 199
1920 1 177
1920 2 66
1920 3 207
1920 4 243
1920 5 155
1920 6 114
1920 7 78
1920 8 108
1920 9 232
1920 10 115
1920 11 254
1920 12 404
1921 1 332
1921 2 238
1921 3 243
1921 4 210
1921 5 125
1921 6 105
1921 7 9
1921 8 76
1921 9 73
1921 10 168
1921 11 363
1921 12 248
1922 1 202
1922 2 170
1922 3 210
1922 4 243
1922 5 78
1922 6 56
1922 7 49
1922 8 76
1922 9 108
1922 10 231
1922 11 67
1922 12 537
1923 1 385
1923 2 168
1923 3 110
1923 4 109
1923 5 142
1923 6 388
1923 7 94
1923 8 149
1923 9 32
1923 10 131
1923 11 248
1923 12 377
1924 1 219
1924 2 263
1924 3 88
1924 4 27
1924 5 77
1924 6 110
1924 7 78
1924 8 136
1924 9 132
1924 10 284
1924 11 421
1924 12 257
1925 1 426
1925 2 330
1925 3 172
1925 4 137
1925 5 241
1925 6 145
1925 7 36
1925 8 30
1925 9 73
1925 10 52
1925 11 219
1925 12 369
1926 1 277
1926 2 340
1926 3 80
1926 4 95
1926 5 149
1926 6 143
1926 7 14
1926 8 252
1926 9 191
1926 10 173
1926 11 408
1926 12 244
1927 1 309
1927 2 375
1927 3 194
1927 4 120
1927 5 201
1927 6 209
1927 7 74
1927 8 76
1927 9 344
1927 10 298
1927 11 528
1927 12 278
1928 1 245
1928 2 68
1928 3 314
1928 4 210
1928 5 113
1928 6 151
1928 7 117
1928 8 12
1928 9 11
1928 10 173
1928 11 223
1928 12 302
1929 1 148
1929 2 71
1929 3 183
1929 4 215
1929 5 124
1929 6 189
1929 7 1
1929 8 12
1929 9 42
1929 10 112
1929 11 59
1929 12 414
1930 1 97
1930 2 314
1930 3 120
1930 4 155
1930 5 272
1930 6 175
1930 7 13
1930 8 45
1930 9 97
1930 10 171
1930 11 246
1930 12 114
1931 1 255
1931 2 186
1931 3 257
1931 4 125
1931 5 82
1931 6 186
1931 7 14
1931 8 10
1931 9 169
1931 10 169
1931 11 388
1931 12 474
1932 1 262
1932 2 218
1932 3 373
1932 4 232
1932 5 287
1932 6 61
1932 7 53
1932 8 38
1932 9 32
1932 10 243
1932 11 550
1932 12 422
1933 1 254
1933 2 150
1933 3 249
1933 4 65
1933 5 128
1933 6 195
1933 7 9
1933 8 76
1933 9 215
1933 10 338
1933 11 171
1933 12 762
1934 1 489
1934 2 73
1934 3 304
1934 4 145
1934 5 128
1934 6 168
1934 7 9
1934 8 15
1934 9 135
1934 10 363
1934 11 380
1934 12 381
1935 1 415
1935 2 79
1935 3 192
1935 4 96
1935 5 77
1935 6 102
1935 7 107
1935 8 77
1935 9 26
1935 10 132
1935 11 221
1935 12 208
1936 1 474
1936 2 218
1936 3 170
1936 4 65
1936 5 90
1936 6 296
1936 7 74
1936 8 23
1936 9 166
1936 10 64
1936 11 59
1936 12 425
1937 1 258
1937 2 354
1937 3 159
1937 4 320
1937 5 77
1937 6 327
1937 7 96
1937 8 115
1937 9 98
1937 10 168
1937 11 585
1937 12 457
1938 1 254
1938 2 332
1938 3 299
1938 4 98
1938 5 85
1938 6 131
1938 7 74
1938 8 45
1938 9 50
1938 10 168
1938 11 212
1938 12 302
1939 1 261
1939 2 280
1939 3 180
1939 4 58
1939 5 84
1939 6 215
1939 7 70
1939 8 8
1939 9 56
1939 10 182
1939 11 103
1939 12 429
1940 1 225
1940 2 503
1940 3 333
1940 4 236
1940 5 133
1940 6 74
1940 7 96
1940 8 15
1940 9 206
1940 10 316
1940 11 336
1940 12 381
1941 1 255
1941 2 150
1941 3 96
1941 4 41
1941 5 523
1941 6 244
1941 7 23
1941 8 186
1941 9 254
1941 10 202
1941 11 262
1941 12 458
1942 1 148
1942 2 186
1942 3 112
1942 4 181
1942 5 508
1942 6 302
1942 7 95
1942 8 21
1942 9 32
1942 10 205
1942 11 462
1942 12 268
1943 1 230
1943 2 212
1943 3 240
1943 4 254
1943 5 195
1943 6 241
1943 7 71
1943 8 57
1943 9 27
1943 10 362
1943 11 89
1943 12 155
1944 1 147
1944 2 167
1944 3 100
1944 4 205
1944 5 151
1944 6 183
1944 7 36
1944 8 68
1944 9 164
1944 10 86
1944 11 230
1944 12 176
1945 1 258
1945 2 224
1945 3 406
1945 4 195
1945 5 326
1945 6 183
1945 7 3
1945 8 41
1945 9 318
1945 10 202
1945 11 541
1945 12 302
1946 1 263
1946 2 238
1946 3 270
1946 4 202
1946 5 152
1946 6 241
1946 7 16
1946 8 41
1946 9 210
1946 10 243
1946 11 587
1946 12 248
1947 1 258
1947 2 113
1947 3 208
1947 4 169
1947 5 103
1947 6 317
1947 7 75
1947 8 116
1947 9 226
1947 10 496
1947 11 202
1947 12 231
1948 1 382
1948 2 377
1948 3 158
1948 4 308
1948 5 523
1948 6 344
1948 7 221
1948 8 33
1948 9 96
1948 10 112
1948 11 421
1948 12 419
1949 1 77
1949 2 449
1949 3 232
1949 4 71
1949 5 150
1949 6 81
1949 7 56
1949 8 66
1949 9 172
1949 10 279
1949 11 364
1949 12 369
1950 1 527
1950 2 351
1950 3 436
1950 4 96
1950 5 90
1950 6 243
1950 7 99
1950 8 64
1950 9 31
1950 10 481
1950 11 297
1950 12 377
1951 1 456
1951 2 257
1951 3 265
1951 4 44
1951 5 165
1951 6 178
1951 7 97
1951 8 80
1951 9 84
1951 10 532
1951 11 195
1951 12 513
1952 1 343
1952 2 187
1952 3 165
1952 4 95
1952 5 97
1952 6 313
1952 7 31
1952 8 22
1952 9 62
1952 10 19
1952 11 97
1952 12 427
1953 1 572
1953 2 188
1953 3 212
1953 4 243
1953 5 199
1953 6 183
1953 7 1
1953 8 136
1953 9 50
1953 10 52
1953 11 297
1953 12 390
1954 1 571
1954 2 217
1954 3 174
1954 4 197
1954 5 132
1954 6 222
1954 7 181
1954 8 192
1954 9 138
1954 10 109
1954 11 223
1954 12 260
1955 1 202
1955 2 222
1955 3 154
1955 4 282
1955 5 151
1955 6 206
1955 7 218
1955 8 1
1955 9 202
1955 10 458
1955 11 525
1955 12 546
1956 1 389
1956 2 215
1956 3 268
1956 4 50
1956 5 155
1956 6 238
1956 7 91
1956 8 136
1956 9 86
1956 10 302
1956 11 67
1956 12 302
1957 1 204
1957 2 338
1957 3 243
1957 4 127
1957 5 439
1957 6 257
1957 7 11
1957 8 41
1957 9 95
1957 10 290
1957 11 171
1957 12 370
1958 1 424
1958 2 399
1958 3 174
1958 4 264
1958 5 129
1958 6 269
1958 7 106
1958 8 32
1958 9 108
1958 10 168
1958 11 594
1958 12 425
1959 1 544
1959 2 216
1959 3 182
1959 4 191
1959 5 261
1959 6 132
1959 7 7
1959 8 81
1959 9 331
1959 10 265
1959 11 550
1959 12 254
1960 1 216
1960 2 224
1960 3 313
1960 4 232
1960 5 341
1960 6 76
1960 7 1
1960 8 133
1960 9 110
1960 10 174
1960 11 768
1960 12 147
1961 1 254
1961 2 534
1961 3 252
1961 4 195
1961 5 301
1961 6 171
1961 7 79
1961 8 74
1961 9 50
1961 10 232
1961 11 245
1961 12 519
1962 1 206
1962 2 194
1962 3 312
1962 4 179
1962 5 251
1962 6 92
1962 7 53
1962 8 74
1962 9 172
1962 10 289
1962 11 449
1962 12 274
1963 1 108
1963 2 335
1963 3 232
1963 4 214
1963 5 159
1963 6 235
1963 7 80
1963 8 74
1963 9 109
1963 10 170
1963 11 453
1963 12 240
1964 1 499
1964 2 102
1964 3 269
1964 4 137
1964 5 104
1964 6 289
1964 7 106
1964 8 186
1964 9 167
1964 10 88
1964 11 380
1964 12 682
1965 1 327
1965 2 218
1965 3 36
1965 4 264
1965 5 160
1965 6 186
1965 7 75
1965 8 199
1965 9 95
1965 10 17
1965 11 276
1965 12 225
1966 1 361
1966 2 100
1966 3 333
1966 4 50
1966 5 132
1966 6 231
1966 7 93
1966 8 45
1966 9 58
1966 10 99
1966 11 582
1966 12 451
1967 1 367
1967 2 99
1967 3 221
1967 4 197
1967 5 147
1967 6 239
1967 7 15
1967 8 2
1967 9 25
1967 10 308
1967 11 221
1967 12 273
1968 1 256
1968 2 353
1968 3 168
1968 4 71
1968 5 201
1968 6 203
1968 7 70
1968 8 198
1968 9 172
1968 10 363
1968 11 364
1968 12 435
1969 1 504
1969 2 188
1969 3 100
1969 4 276
1969 5 176
1969 6 228
1969 7 72
1969 8 0
1969 9 179
1969 10 115
1969 11 123
1969 12 365
1970 1 494
1970 2 314
1970 3 176
1970 4 181
1970 5 125
1970 6 236
1970 7 91
1970 8 20
1970 9 139
1970 10 251
1970 11 265
1970 12 419
1971 1 359
1971 2 188
1971 3 287
1971 4 243
1971 5 178
1971 6 333
1971 7 96
1971 8 86
1971 9 186
1971 10 140
1971 11 292
1971 12 435
1972 1 331
1972 2 219
1972 3 214
1972 4 223
1972 5 198
1972 6 244
1972 7 105
1972 8 84
1972 9 137
1972 10 86
1972 11 224
1972 12 411
1973 1 309
1973 2 80
1973 3 148
1973 4 89
1973 5 163
1973 6 98
1973 7 0
1973 8 29
1973 9 226
1973 10 174
1973 11 914
1973 12 542
1974 1 558
1974 2 332
1974 3 312
1974 4 190
1974 5 170
1974 6 70
1974 7 166
1974 8 30
1974 9 38
1974 10 11
1974 11 569
1974 12 425
1975 1 332
1975 2 373
1975 3 235
1975 4 182
1975 5 151
1975 6 228
1975 7 116
1975 8 182
1975 9 26
1975 10 359
1975 11 232
1975 12 409
1976 1 213
1976 2 345
1976 3 176
1976 4 207
1976 5 185
1976 6 183
1976 7 116
1976 8 257
1976 9 23
1976 10 96
1976 11 116
1976 12 127
1977 1 108
1977 2 80
1977 3 193
1977 4 22
1977 5 254
1977 6 146
1977 7 79
1977 8 141
1977 9 221
1977 10 102
1977 11 365
1977 12 505
1978 1 283
1978 2 194
1978 3 165
1978 4 240
1978 5 422
1978 6 149
1978 7 208
1978 8 208
1978 9 183
1978 10 21
1978 11 230
1978 12 162
1979 1 123
1979 2 402
1979 3 173
1979 4 141
1979 5 228
1979 6 75
1979 7 138
1979 8 88
1979 9 101
1979 10 232
1979 11 106
1979 12 443
1980 1 242
1980 2 348
1980 3 210
1980 4 215
1980 5 284
1980 6 202
1980 7 78
1980 8 135
1980 9 139
1980 10 113
1980 11 355
1980 12 455
1981 1 116
1981 2 330
1981 3 175
1981 4 244
1981 5 333
1981 6 363
1981 7 116
1981 8 18
1981 9 140
1981 10 265
1981 11 246
1981 12 422
1982 1 350
1982 2 385
1982 3 293
1982 4 285
1982 5 113
1982 6 177
1982 7 181
1982 8 80
1982 9 202
1982 10 187
1982 11 412
1982 12 453
1983 1 332
1983 2 359
1983 3 348
1983 4 156
1983 5 123
1983 6 331
1983 7 289
1983 8 173
1983 9 100
1983 10 153
1983 11 788
1983 12 294
1984 1 232
1984 2 209
1984 3 292
1984 4 240
1984 5 341
1984 6 305
1984 7 11
1984 8 28
1984 9 129
1984 10 132
1984 11 642
1984 12 387
1985 1 38
1985 2 191
1985 3 176
1985 4 95
1985 5 182
1985 6 139
1985 7 9
1985 8 82
1985 9 234
1985 10 222
1985 11 344
1985 12 90
1986 1 415
1986 2 241
1986 3 212
1986 4 195
1986 5 180
1986 6 81
1986 7 126
1986 8 32
1986 9 253
1986 10 109
1986 11 398
1986 12 176
1987 1 210
1987 2 161
1987 3 382
1987 4 109
1987 5 162
1987 6 155
1987 7 200
1987 8 143
1987 9 39
1987 10 6
1987 11 194
1987 12 511
1988 1 228
1988 2 98
1988 3 259
1988 4 240
1988 5 181
1988 6 195
1988 7 23
1988 8 18
1988 9 226
1988 10 51
1988 11 600
1988 12 279
1989 1 223
1989 2 170
1989 3 320
1989 4 178
1989 5 272
1989 6 101
1989 7 74
1989 8 227
1989 9 36
1989 10 211
1989 11 330
1989 12 199
1990 1 481
1990 2 238
1990 3 125
1990 4 186
1990 5 368
1990 6 302
1990 7 126
1990 8 123
1990 9 1
1990 10 375
1990 11 265
1990 12 369
1991 1 277
1991 2 173
1991 3 281
1991 4 244
1991 5 289
1991 6 243
1991 7 78
1991 8 85
1991 9 31
1991 10 45
1991 11 383
1991 12 244
1992 1 413
1992 2 194
1992 3 80
1992 4 173
1992 5 90
1992 6 302
1992 7 189
1992 8 43
1992 9 98
1992 10 115
1992 11 408
1992 12 284
1993 1 232
1993 2 80
1993 3 177
1993 4 256
1993 5 153
1993 6 177
1993 7 279
1993 8 139
1993 9 77
1993 10 110
1993 11 128
1993 12 384
1994 1 218
1994 2 203
1994 3 167
1994 4 192
1994 5 185
1994 6 233
1994 7 6
1994 8 12
1994 9 96
1994 10 284
1994 11 380
1994 12 414
1995 1 376
1995 2 218
1995 3 356
1995 4 159
1995 5 160
1995 6 327
1995 7 84
1995 8 91
1995 9 150
1995 10 343
1995 11 324
1995 12 447
1996 1 267
1996 2 406
1996 3 159
1996 4 320
1996 5 333
1996 6 227
1996 7 72
1996 8 79
1996 9 129
1996 10 375
1996 11 541
1996 12 650
1997 1 359
1997 2 193
1997 3 400
1997 4 256
1997 5 287
1997 6 209
1997 7 214
1997 8 34
1997 9 215
1997 10 317
1997 11 244
1997 12 168
1998 1 415
1998 2 188
1998 3 232
1998 4 128
1998 5 508
1998 6 177
1998 7 99
1998 8 63
1998 9 66
1998 10 99
1998 11 569
1998 12 544
1999 1 279
1999 2 555
1999 3 160
1999 4 94
1999 5 139
1999 6 227
1999 7 100
1999 8 125
1999 9 31
1999 10 176
1999 11 348
1999 12 427
2000 1 302
2000 2 326
2000 3 292
2000 4 243
2000 5 284
2000 6 208
2000 7 72
2000 8 11
2000 9 166
2000 10 115
2000 11 219
2000 12 127
2001 1 102
2001 2 99
2001 3 183
2001 4 243
2001 5 158
2001 6 242
2001 7 70
2001 8 22
2001 9 39
2001 10 289
2001 11 372
2001 12 450
2002 1 267
2002 2 203
2002 3 160
2002 4 181
2002 5 209
2002 6 208
2002 7 74
2002 8 64
2002 9 86
2002 10 21
2002 11 265
2002 12 505
2003 1 456
2003 2 99
2003 3 312
2003 4 203
2003 5 184
2003 6 131
2003 7 2
2003 8 45
2003 9 146
2003 10 202
2003 11 352
2003 12 297
2004 1 286
2004 2 173
2004 3 167
2004 4 145
2004 5 313
2004 6 175
2004 7 58
2004 8 201
2004 9 166
2004 10 211
2004 11 243
2004 12 284
2005 1 206
2005 2 66
2005 3 294
2005 4 130
2005 5 333
2005 6 244
2005 7 108
2005 8 74
2005 9 129
2005 10 237
2005 11 364
2005 12 426
